100 9999 14
5085 30299
2705 5050
5643 28580
3042 25467
245 3
3669 19225
2527 14
1331 4090
9212 18817
475 3037
7769 18226
9770 23662
8233 16711
4064 12567
6036 14758
2165 11034
7646 27821
5716 989
9905 18980
614 28036
1869 31343
731 25029
4760 17416
6008 21240
277 25901
4049 29550
773 13782
7297 1796
6444 9706
7647 29432
4289 27570
2962 32763
1682 30350
3294 647
3106 31207
2944 23922
1420 9316
261 4804
9885 22369
6592 22214
7989 29341
8621 22875
8381 2098
1725 14739
2420 3275
665 22398
9517 22545
778 30782
2671 2406
7294 28768
274 9430
1878 18541
9139 31818
8912 4027
724 14591
9351 20873
1713 6455
2120 24651
2168 13871
1931 27459
8381 26192
8818 4689
240 4009
3587 27660
6637 32413
4485 12817
2303 5337
4383 1948
4748 25738
7597 3669
7030 3020
5669 15724
6896 25701
3979 12007
7877 23475
7443 22331
2617 1763
5476 23322
4677 18276
1715 30605
2912 5019
6963 12354
8075 14297
9779 14375
6817 9098
3207 18488
2718 5807
7584 22676
1230 17294
7898 28631
6470 14503
2903 31908
1204 9963
8280 28033
736 22569
5083 31464
8613 27081
1735 22426
5106 8124
2506 15159
