885 223
2914 6280
6404 2928
3319 8028
8018 4766
1579 8460
7273 9487
1054 2443
4066 299
8558 8959
7377 687
422 5012
7934 772
5497 7559
6865 9488
2568 4991
5066 9634
3496 1989
2922 7086
8002 2838
7245 4473
1319 6351
4227 8198
7905 9739
6466 5552
4463 6104
2466 5417
4175 7142
2254 7983
9512 3
7867 1711
1388 8456
7923 7561
2121 4670
8796 1447
3481 3147
7125 8505
9620 1646
3305 6813
4939 8761
6329 9496
3428 6343
2458 3181
778 1827
2876 7391
8850 6543
4591 3830
5789 366
5425 9723
7078 1406
2410 9414
6979 6674
234 3004
4428 4182
4021 1382
1294 3284
5144 8281
6443 3324
7367 1753
1485 5430
1242 6691
1712 2555
4004 3085
54 710
3465 3563
8113 7893
8782 9754
1792 8141
1621 9846
4083 1477
4744 5155
5607 953
460 7174
9720 2818
7331 2069
8075 891
5908 9971
9074 5902
2137 6099
4533 2803
9364 4345
3913 8147
3321 4337
7755 7473
4077 9095
5114 7981
5891 6147
5970 9548
5035 5576
362 7406
7343 4429
361 8318
1087 9048
5244 2940
3139 6070
9620 1166
6945 2819
1398 5084
6957 8758
3107 736
7082 3804
196 1843
7080 9055
9625 1000
9846 2186
2930 2113
2406 7983
8923 736
980 1253
6276 1342
9565 5538
1646 5892
9724 9960
2940 273
2944 3174
6884 5631
7002 285
4710 726
2654 4306
5343 1347
6724 4135
9749 5864
8987 7860
6977 6964
4543 8796
4424 8063
8189 1580
5495 2878
2036 1385
1915 485
2383 389
9227 1201
3826 886
7529 7451
5871 146
3651 2094
6204 298
2125 271
2412 4210
9273 4900
5868 395
968 4473
9368 7003
9683 1754
9805 5705
1001 5465
4603 5710
8144 2740
8467 8852
2266 4463
2029 5022
7439 9590
8208 4456
6547 2354
7284 2564
1537 112
7887 1034
1055 9401
5260 9990
2927 7265
5611 2140
6828 1103
7247 5182
5898 2334
753 6275
9459 8477
8130 3241
7578 4927
7856 4618
9522 1205
7187 609
8554 9499
857 5584
375 6741
3975 5479
1851 9368
8693 3965
1548 4268
6650 810
3938 5290
5223 9937
6978 5898
939 7858
8264 9019
4224 4108
9293 9196
5724 2061
4494 9058
4866 5468
9320 2890
9779 7168
8071 6660
6941 1154
791 6271
2928 8187
7637 104
6765 8011
2853 2267
2144 7672
1132 8830
9817 3968
9892 2138
7308 5087
7510 6176
6847 682
8557 398
9275 313
6802 4043
6554 386
6840 9869
8437 2477
9068 4602
3132 8983
6944 4106
8519 8697
5693 6446
591 64
9857 4916
6584 1604
819 1468
4635 8181
1945 2541
7386 4105
1968 1896
